4377
16679
70005
12807
93036
55361
59467
24589
98510
26801
80405
62812
53290
12487
16720
26558
1384
39447
33090
15684
4504
99244
51745
87041
45377
30597
10638
39561
84202
9814
17068
4931
26492
3424
34089
35880
58784
93555
60468
73646
20356
57224
52809
89997
69710
69528
16554
71093
25327
65995
86777
29830
65239
54873
16871
26967
85469
43860
66527
86023
70025
99946
90953
96516
3369
25041
48747
78504
18595
25566
52149
55302
82789
4958
45298
52498
90837
78203
39943
16163
44198
43071
62345
9436
97943
95567
52754
99763
55778
19280
85785
25802
19225
76737
38669
38945
1777
87416
17448
36724
12981
85949
92025
95770
7258
53675
64619
98094
31877
4561
30609
76074
47631
92953
1861
61925
4871
54614
61688
60648
90245
47472
86449
9469
40561
25117
64765
58689
28884
98565
95412
41865
84513
3789
53986
8122
57463
18604
6215
89339
39517
53175
81765
87147
62479
83625
65424
67349
54591
27111
27996
44835
90934
30796
54304
31494
55913
35420
6535
84796
33984
18298
43012
34848
22086
96997
42969
95900
15601
65536
85239
71469
18710
83355
58615
81189
66979
40390
48537
21569
67500
92885
66404
74786
23680
37059
22631
95944
72478
29165
97092
22814
47463
40103
57661
85900
53452
630
81800
85404
66165
83390
56872
84874
66744
31838
82414
50074
72228
47303
71643
56079
56539
54398
30864
80218
7808
53495
92514
96637
82659
5957
19450
46473
46059
77111
32373
15862
77740
14172
1265
60256
13913
74488
61481
80656
6326
43895
30729
78553
7549
18723
34631
64087
73120
81847
60656
97279
35341
69521
93916
34351
75477
13365
97176
37888
90475
29548
53749
84566
60071
71366
44821
73983
45853
6302
70990
52178
66548
1718
47082
74096
36793
81713
54534
9912
79911
15189
23543
15251
84710
17458
65953
76538
30822
63128
14425
37649
9027
68174
22214
85449
39539
83387
59431
85391
89688
46772
53921
72587
64842
1002
63034
1634
99066
17567
27897
78976
49107
51439
10578
50168
68896
76531
26706
99718
56010
57482
53718
81389
25655
75931
66837
81545
75669
42620
83288
81708
89391
37208
54294
54232
38209
33679
55865
53627
51245
83762
32602
16704
35200
43180
83223
20448
36062
9928
36517
8423
67410
90234
89811
9416
82516
56648
7313
58185
99267
90600
39892
88657
44159
94186
42889
98719
27864
15105
52345
95461
98866
1299
28516
50418
60830
11738
70865
96891
38018
7381
21665
21779
97614
11476
47546
96481
84475
54858
54665
83741
61809
94557
88749
5967
5094
47989
4686
49309
63094
57030
61121
78311
74680
89636
45080
35509
1374
15944
32399
55743
39676
54064
77521
53641
81891
25066
50122
66365
79924
4786
66457
41732
15694
55205
64051
37139
19546
68736
86448
98991
42117
47568
93653
16797
37204
38733
52305
54929
71028
1056
10671
10704
71471
4543
80696
69713
29608
30817
52429
25883
51955
18885
83967
84000
90441
48017
21139
9986
33104
23938
25328
91572
71505
18981
24720
25060
57713
93377
96340
45092
94432
23362
72147
82254
27904
52843
51966
73864
11
4394
99746
51965
39630
64
52317
30070
64432
73455
56408
13887
97392
98087
5459
85248
17067
30178
26660
91131
23554
22999
36223
34337
62713
8369
16590
90616
77563
84907
64479
77574
5652
80577
45890
61633
96992
98206
8055
61424
88012
64462
75310
1755
62548
97120
87003
95967
27298
30014
3449
67203
53012
56023
1540
32076
80744
34481
22692
58306
35740
3522
35879
57743
450
81769
19376
97442
79974
27430
75217
84338
8243
66878
86092
87142
80350
73094
83108
7647
3107
2909
91201
72471
58931
92740
20898
39674
43573
43589
97980
79312
63463
33858
37054
63912
31978
72781
77705
28304
210
69273
12641
24804
52503
98732
11946
32852
88178
11405
56850
7636
14313
48050
96458
73244
40790
17356
12917
84362
77296
27248
80025
40758
77458
33430
21022
9435
6211
98726
37738
22772
84351
66730
47576
36853
65462
59521
69704
53639
70925
26553
61274
85238
74602
74084
74833
31743
91439
87749
32456
68734
31349
12480
9492
8806
62262
46865
18240
68472
61942
72330
91243
46292
39059
38818
83144
4520
14690
69199
74510
85615
12103
52136
87204
3057
26219
62036
34799
17657
66136
83607
86390
97484
96086
12233
22641
74699
75449
40881
43170
37391
29562
50765
83682
68620
89582
83178
89492
4272
68728
64001
6238
80831
32488
9793
83887
58706
88180
35037
76362
70667
18643
79104
68151
31081
7688
7143
5779
83137
48023
48949
20527
93936
99713
20560
62556
5646
20089
68399
26269
88817
32399
48858
69647
64887
58650
69885
39944
46829
4921
32658
33848
39916
11761
1998
70996
35800
25492
93126
35288
73515
58426
72166
67450
58138
92726
46357
80136
29166
14755
22756
17982
63506
71614
3980
44744
46615
90216
84687
9796
11489
17344
43643
51404
45456
61992
22399
97608
87483
31876
32895
77349
90302
21413
61151
64791
14138
7507
44926
59655
38614
84034
77637
18471
55647
97968
63214
2261
88184
64252
28408
99672
97948
72050
51075
43403
34041
89825
41010
21524
21700
90257
15224
28353
11669
76374
93144
42158
233
54421
1812
38846
38454
95800
57316
94100
93768
36881
12713
98303
1132
41120
97974
99079
29522
65400
58834
63562
55224
16195
1437
93275
6451
16661
21628
34471
9386
31123
92980
9618
85543
11144
64815
23997
6943
38482
18096
17062
75362
47160
15364
92846
4632
13337
8276
34153
95088
67109
97714
66663
99656
15503
59938
22458
48515
97917
56929
57900
29039
49908
83870
14581
61051
48684
54929
84346
87166
73025
1407
78879
36536
33123
71724
41167
46459
96352
75319
57899
63460
89385
24561
79467
4887
850
1925
69753
15118
58853
27652
44156
25112
11521
75089
2515
76557
30017
3212
63722
19393
4618
58952
55929
37740
47028
13447
551
43379
88766
58449
23190
78150
99361
2657
99388
211
4581
69140
15328
79785
13143
75836
4896
41016
67276
23762
17572
97292
26973
97645
33037
47943
56596
5317
2034
3623
18763
2584
63353
23880
77384
86543
18381
76745
5551
17768
93307
10131
3259
8634
89915
32754
84469
11162
90121
51744
51276
7692
65388
94600
21688
14776
42542
94635
20092
44576
14610
55206
63511
77962
79086
57247
80856
97466
50343
86406
31586
43649
12888
51196
52282
2802
83949
53103
30316
74069
21198
97943
98112
2937
92542
19799
17712
51436
14434
54155
96011
29043
9361
75873
23356
88446
33119
4212
2263
83461
90617
33848
43461
3505
85044
95743
22658
85344
48845
69325
75765
86394
83619
90228
89331
76161
10027
7042
27596
40812
77549
39958
86206
86909
32182
25913
91706
81653
30124
93968
65113
37093
44168
24926
56949
45563
20668
95958
30906
85864
81635
23022
72257
65253
13250
77939
41413
39628
1333
85360
80439
78881
41669
82996
65789
73851
8908
73846
55503
55384
67813
36967
92476
28332
61892
65776
73894
82559
61733
21152
84774
43367
44173
73383
24972
73774
51321
66384
13401
52653
68096
10191
31533
9764
93186
13673
83614
18446
87518
39116
73829
71683
76083
82656
14
54326
48431
90260
53237
26515
11411
38010
86234
71935
27744
11205
45709
79065
93940
75461
48069
62035
85652
95954
71799
95189
9626
71764
29986
13496
27232
20166
85178
3314
2821
1543
73991
67603
91802
27227
94118
19564
65237
80351
7851
92980
7907
69911
88396
1846
45371
52817
63881
47374
65122
52031
42563
91099
23794
88900
4594
51025
9066
6123
70690
11886
7666
44681
95841
15819
71907
89958
51735
53495
86660
59585
62827
94566
29495
67574
96411
91217
20390
76643
38591
1863
28673
97505
92962
68819
86404
97555
36195
95469
20030
23237
23707
44047
84269
19547
59865
72527
25856
11599
42374
12515
87535
5200
7080
33381
89125
19842
24598
25867
96485
79540
27729
41509
77044
20690
10327
79799
34597
62874
91620
54626
2462
15326
98672
86730
51224
74888
59256
77079
2839
17981
5945
90373
23180
13024
23754
12305
49217
64703
38171
45701
44242
82251
3562
37637
2941
30240
17435
37537
93113
9054
8514
95574
40731
7185
98655
91954
82072
74263
85384
84910
92243
91328
91635
15423
20703
31740
44079
69920
96442
98601
31972
57035
80851
35533
11023
143
65773
28457
54031
75237
53863
62544
87163
10945
69728
85817
19251
68152
60079
4634
53061
52322
95962
44695
84096
16664
76434
44526
2935
89227
59478
34907
62613
56680
86791
73635
56823
68915
18444
10853
60504
88658
73397
47666
99602
59476
49834
18852
27627
9913
39838
97040
78586
52151
58086
79033
68814
34520
39910
88101
40098
99387
39359
2711
56066
26149
76345
29240
11416
11140
40093
71919
99797
29841
19584
99399
5668
85769
34602
49647
12033
90791
46686
90618
42941
4771
86002
11755
55642
42263
16207
95740
41649
55565
14802
14067
98065
7498
43306
9480
18638
99750
97750
18434
45942
33685
34184
51610
19454
85138
1256
31486
75928
47941
38456
18869
69063
24457
46975
24705
66720
63181
36796
24720
35097
51597
38786
33161
59094
98444
58993
77731
98193
56742
12517
44135
90427
46700
12096
9880
31837
13351
57717
7765
77643
96172
26633
46705
36981
73607
87761
20052
53139
40908
44771
88235
92504
99909
21395
67950
14704
96739
62032
12896
53481
74548
73382
60259
37600
85477
70138
85788
98827
44206
9904
92821
40378
36536
55878
93710
26494
43638
13761
95984
898
74883
84218
93401
91143
21965
77702
5846
18703
39734
18742
88535
30633
8475
48793
84584
93952
35282
70372
9130
79488
80275
1951
36217
33163
57828
29926
76008
17817
43686
71992
18714
34920
56209
28467
26063
94525
6168
48260
13228
62253
83353
18114
9238
91828
66907
93821
85779
2188
64192
94908
81675
60819
13210
17891
93981
71037
47816
69988
5206
7853
41979
23919
59125
14540
68737
1539
25416
91257
49798
54995
53509
33151
73109
62746
41330
40015
72919
27108
42202
37110
38367
23877
14280
51577
58119
8260
38965
22287
78248
60522
46491
36578
793
5615
67469
69529
7153
92885
60785
73303
47879
30646
22805
20987
93391
64134
61001
82661
7593
3203
36123
62311
43431
50402
13887
17901
58662
69204
40187
53261
29725
3030
89838
46869
8644
73659
16398
32149
66543
77182
21803
14421
24179
44607
35408
33922
25092
96408
16582
32684
15962
52704
94994
75744
3106
25233
93645
78119
10788
50183
31379
56864
53212
37568
3733
78208
11226
20130
26708
94120
13663
48510
8541
37842
9468
60300
88115
34559
73059
4696
83594
89021
57400
78587
81116
76857
20171
91112
71327
30958
41295
19057
87822
10858
72976
7906
5417
554
28035
32124
94673
58049
96985
3213
12242
22804
79864
356
57362
52923
21404
57307
58295
95155
35894
39410
72011
56064
30522
59689
3374
88168
78745
7547
15377
51720
15452
20794
52273
59838
69269
46946
17886
82606
66510
46480
5409
46374
63187
79123
15648
84590
36429
73942
79744
88674
29703
68106
44738
76576
27794
64463
64743
6538
72009
80120
58258
87460
913
10530
47297
86533
73827
81534
69138
56689
28013
74547
3062
91200
53669
18709
92141
6449
9002
71885
95123
38704
39990
56212
15280
67784
20674
96374
74321
9034
76493
48930
96493
93757
75812
60141
80290
65990
58026
49427
22678
86039
40325
25739
93590
10345
60799
85730
16794
86152
73966
11916
24856
13956
84479
56487
98091
5152
52860
88763
14185
45705
37693
27029
39461
29856
3521
36102
95845
61546
1881
18523
63936
42205
60613
73877
68902
37764
75959
85695
23915
49924
13962
65122
80231
98440
21608
78321
19943
74468
67084
50479
36524
21128
77507
75984
67335
97379
28438
63179
58924
30318
98053
22860
88874
75018
13088
57775
12781
89046
59821
36695
38970
90134
18169
19200
88573
39776
13873
24867
30595
80956
75345
67118
18435
69203
59454
85769
66581
87891
65299
41857
34560
63352
81068
23433
38369
94155
97560
67501
83201
73732
20547
38522
63866
38715
74073
68790
78491
87945
93657
25437
85252
69001
92555
3686
38204
68360
5806
4784
56250
71105
46640
7161
50808
27707
30593
5528
38214
44504
73028
21414
34588
93574
59935
98453
48641
50359
67242
27131
38304
60898
68919
23555
29899
77825
43593
84454
46184
49398
5589
18785
20502
68581
25945
71309
96287
72890
76836
50852
33745
66215
72265
68332
59789
48551
66784
8429
98910
50378
51911
37213
11275
37181
77119
57525
15006
20711
58330
77541
70109
63919
96326
6962
32499
22270
78271
45137
11511
71458
95989
45256
37673
84605
13587
13813
33156
96723
38593
48417
47100
6855
1981
74726
44035
79099
32251
59040
16162
6932
52933
86270
70850
49258
9583
19700
87879
4205
64837
99390
75663
60825
60997
29687
61781
74583
59851
94936
71305
98443
43352
34756
5297
61684
9482
65683
40783
58084
41075
56944
65015
94007
59565
52217
43264
69147
71916
47494
73352
36752
46883
65366
13928
7879
95052
75709
98814
71254
86996
86470
69696
46700
21226
91344
8383
47059
73378
65517
5142
14452
38812
86508
8458
98376
38724
68073
83875
26992
31919
57226
80095
78801
38943
10375
3032
50346
86083
18197
21599
89430
21018
91294
52481
42243
98989
77216
5653
72366
42732
27146
3170
81544
13654
27979
96271
68729
12404
80145
12072
44322
53722
92167
39474
9016
2541
58857
59361
4975
77053
80959
94404
98071
88604
63237
56665
3944
40452
78670
76310
83183
5815
95831
81078
35820
23809
93701
20901
36212
90197
32972
96885
43919
25138
36359
69286
27678
95215
28647
49004
88620
9605
59760
3042
14561
22996
59706
18504
63447
38375
94813
62981
60542
6995
60411
96361
30804
54111
17261
83367
44307
50233
96604
4577
91722
32962
73863
35752
44528
2509
84755
33147
28465
44514
36188
43025
83861
12246
61529
47307
66972
72693
26640
27513
79688
87050
23874
26843
41160
57486
26561
1818
24070
23164
6395
15792
72477
96609
51543
17005
99117
52649
66503
43933
13515
2691
86958
97375
31288
64838
61034
98259
37530
87673
25772
33569
91074
65997
76763
48585
23482
3324
50402
47552
42839
73148
79695
31668
69756
47589
48672
85224
237
15174
45509
13751
34216
32466
27478
65503
13655
88511
63762
67536
92535
5885
1105
83608
71881
94219
48544
95362
13894
98945
59265
56733
88445
38959
88400
58200
2899
53423
59776
3136
84948
5284
33238
35516
54101
60715
1018
67755
49225
81131
51642
58111
3367
69098
41718
75247
63317
6613
86961
77210
5558
62577
50294
10354
17888
38693
84905
20786
8467
44680
23921
93415
66315
73511
28930
20415
34225
46299
4521
99802
43782
56163
57912
47148
41612
99630
22395
4928
6242
25707
98490
28151
88283
48783
54856
6170
3828
39761
26956
12294
792
67228
5708
67107
40738
50989
3873
74963
13640
8394
74764
57421
80908
32675
4568
22519
48656
43314
43799
71250
69020
42288
15752
73655
91070
86960
79824
94897
26720
23131
7191
27511
90359
29250
10969
47448
96591
14842
38762
10230
23235
29877
84002
20494
78904
4921
59364
43911
48235
19514
15160
33606
61801
47264
7260
69223
34223
3436
64119
77294
42918
87661
4804
49628
33263
15773
97076
46205
46966
35837
72786
86552
82066
56787
7045
60969
61707
82760
4879
26293
2274
36391
76251
80426
83654
99862
49648
34228
3297
30119
11521
46215
34131
32676
95842
83745
64800
9269
29949
11765
61458
2734
98316
43523
75872
21712
4491
53931
4472
9369
96575
23097
45759
72825
3522
45764
72687
53170
79991
75983
99640
7863
38549
33770
40539
50743
33867
5338
60011
63815
17103
21468
82901
15418
64990
75124
53482
69480
29054
57953
95201
25629
81049
40959
14805
922
3075
87491
70443
83065
79826
70082
90928
34726
20204
47818
85468
54070
53155
45479
34236
86609
83298
33488
18379
48288
8612
71860
34119
54017
46164
45671
95997
43564
2982
27154
44485
6056
14644
14928
5472
10821
1361
12751
45547
37916
60568
31014
91985
30075
92844
42573
16683
76142
92412
35061
40781
1023
23272
91251
71392
69435
36922
83740
12998
39903
10893
57483
62310
41889
88762
67781
52709
6474
80532
98255
44390
41099
45621
52726
71173
38464
95298
4208
30957
87710
55620
88089
5084
78892
79340
92827
48326
32613
76567
77676
88867
3811
51510
51176
45699
40271
18956
98408
63096
15839
13014
7485
56938
58634
60211
44462
13450
71860
65021
60758
75921
20641
48847
97357
99532
44538
90183
64209
93502
83101
41884
82368
86912
93393
33543
32610
50015
52498
47369
13111
68337
60383
20595
41626
35368
97157
2439
48817
69017
67460
25927
61289
88100
91125
58645
3983
52014
48828
68191
45515
48280
10075
27882
35191
19819
61424
84153
69834
30273
31521
99296
14961
8255
36242
56586
43623
33399
75377
8791
18767
59188
34717
80055
63639
42193
38700
67621
94206
3879
52163
39720
52158
78589
67601
3701
98408
45376
4205
84593
75649
35725
83888
90609
43980
20129
63547
3954
69879
55275
12744
88645
14462
63813
68700
94452
22357
23751
62072
16563
43981
30586
72634
12490
9175
40235
16190
23934
1962
20394
8526
77610
72471
8765
84571
32802
45245
64469
36755
15124
19743
65850
20120
50556
46014
5171
45007
68371
45273
23430
1285
89253
54015
73918
1743
63189
14152
17932
87122
32466
54678
11999
10075
43500
37115
10997
76301
82360
91817
29407
13835
11559
95256
50306
78466
57622
55477
39824
25992
749
63253
43628
6354
33620
17545
8096
96808
48049
42379
282
80514
13408
28632
90588
56907
65747
17937
33207
64458
9753
78965
94644
37664
74221
44949
32481
48194
16777
72305
90537
33878
51909
34164
40231
85528
51708
48326
98688
99756
7056
15321
80269
20464
43952
87209
77370
26050
21497
26929
90507
31249
5893
1502
85264
96465
62803
17745
44658
79579
90049
35194
29808
41957
85709
70038
43837
37417
34715
42524
37172
58123
57844
33793
78586
18147
21001
72307
44197
58849
99235
51055
90097
21480
68909
75361
34296
31711
93105
78954
11289
99505
30499
57449
57813
16208
27486
1649
69976
78553
60524
23499
36675
34719
57291
31612
69218
94643
3918
13414
53491
19505
80820
59940
57336
49728
35300
91631
81438
44756
86936
9079
60612
33787
82879
34776
66346
10364
52777
36321
5268
13300
59819
58294
64371
33462
6257
33588
44456
26527
63353
14299
46031
60524
74238
19718
10252
25889
11348
8041
86996
14636
33471
47607
48422
16349
98734
14767
43065
51510
67439
64684
81162
27257
22978
45532
77070
29234
95471
21526
55760
58823
35824
18142
19346
26413
54211
45949
52301
81911
70342
39296
96546
20164
3254
44967
36513
1987
76085
95929
53497
43523
60612
51010
70779
99941
96541
64201
45527
92011
2078
17638
67185
54253
35780
2882
80665
89990
48831
32965
71900
35524
88612
84797
55687
8217
29763
8551
10203
5847
4479
80051
49369
81443
47412
36500
81383
43952
17052
26909
52314
19129
44547
19498
73381
96678
22380
70397
3019
87562
19713
91271
39437
8324
76067
95123
16540
22182
20026
43094
44380
24504
39497
93749
5946
86908
46600
3681
47212
80003
30589
99525
99131
91487
35375
88863
88164
74106
59259
7535
78019
78971
98805
17455
3646
74871
28929
36537
13404
48954
95982
57784
89810
51830
67884
12107
55090
30835
15787
2301
10837
46376
18177
26319
54214
69903
15181
42378
60360
90791
49912
38378
86113
65068
72184
89758
39938
17465
26294
69694
82770
38627
27477
72579
90457
11712
84686
45546
42546
472
64198
53382
63199
98726
79700
17413
68629
11232
76142
28988
2022
42405
83718
88134
7472
55901
77891
63761
73365
20536
33454
56135
75514
77282
45065
65970
88993
46102
27867
31538
62926
8416
1271
42476
7142
80970
59888
92122
8553
52381
21109
10574
94785
21178
98707
2256
77079
92949
66017
66795
29836
99470
39281
5350
93104
698
87671
82096
46799
31890
13634
9724
40305
31256
52200
63798
28578
28439
55919
37130
80820
93380
47704
91956
14557
62762
94212
7987
72063
76580
91134
18250
92401
30414
39951
85504
47463
27622
67600
94262
75863
97585
20337
16167
28840
88888
79965
57417
17327
52235
94547
14498
45614
58602
22805
76523
37715
33368
84509
9777
9947
75642
44379
2348
22408
84329
87851
69870
28302
71802
80483
4164
69386
820
36683
14578
89707
32999
71994
23385
85233
82892
54234
30847
57845
93391
7369
95560
26758
8229
21688
36705
83871
66066
55404
22630
50395
43254
92499
78696
31408
89334
82860
793
90153
19542
31722
96211
68892
20068
35948
54124
2959
6533
1322
60804
99923
25042
72715
26681
33271
94402
79737
33493
60468
35140
56122
27214
94745
64972
5909
26152
54305
5120
43297
60809
41013
75018
73372
9904
95085
9319
64028
14396
32203
81701
91551
48478
6743
64265
91510
40013
58666
71246
73505
35485
22737
45978
62698
17481
10949
84959
59985
81606
6430
3281
42414
47443
94650
15785
73698
6087
41455
54077
36834
90010
35778
28384
38487
42520
92648
29996
98884
67665
17593
72388
19502
40329
34717
98551
74161
62017
83509
34145
43622
89939
53777
2388
53733
48427
34524
27430
70865
75979
81507
7698
82340
17284
36081
20826
76155
45080
67173
75038
29096
1117
63777
48597
41445
98493
63500
31957
76861
47008
66102
20483
53298
36230
39222
23382
84656
73745
50812
71872
66075
48670
79569
48414
82305
32001
85591
58459
77080
69115
33496
22528
70231
13624
87476
28027
12116
50975
59984
88976
97983
42437
25810
67632
78666
81383
91014
79674
55128
58177
51545
37554
6846
47466
85968
5502
79466
87910
63960
72898
57025
13807
95425
27255
27430
99252
71634
55897
50227
31617
61224
64561
90405
87034
32192
69070
68416
39557
48743
39895
14085
16640
77449
20930
64105
79768
42783
43570
67677
6742
32819
41053
20548
44595
84660
64329
43847
56293
20225
94073
87909
81449
74985
78313
84834
23528
63734
69601
63085
12477
9496
77169
45468
3296
14451
9572
99415
57233
69493
83443
80327
2312
24496
17226
63258
9155
81555
7104
65447
18131
17528
69707
99579
8864
64371
84412
32392
44456
70365
11828
56932
96212
5348
2399
99507
36150
28322
15273
9735
97815
98715
90061
16478
39562
7286
79735
48716
5192
3191
30514
23323
37070
16572
39253
45934
97294
40017
78325
41750
10381
90152
15033
6592
95499
17432
22450
31649
62105
54074
41383
59919
52788
47795
76396
92350
71432
72483
57417
76624
75673
4283
16298
12742
20854
55550
58675
18148
95566
53351
76249
22298
43502
91281
45241
55353
25064
67690
3353
87169
21763
61087
63439
90903
25233
39835
99604
96664
28669
57020
89639
20693
61302
5936
33434
98508
77838
8461
33007
89755
61811
9255
12053
21665
535
57293
93369
25599
41335
13073
12767
63097
74159
76205
70351
99391
32391
69954
12406
61059
43326
2045
81751
4627
7980
31537
19486
2169
56349
52492
91924
34511
61746
3976
56175
78633
61268
65895
4231
18954
78967
33349
82051
69477
9553
68753
68867
58296
38707
97625
35706
82032
99669
33809
3010
24000
81697
22496
26169
38045
91339
18092
72555
69437
38419
28730
48069
16038
10976
52299
34992
89943
85647
33394
59419
11551
2146
44638
69846
57204
42262
21904
55587
58282
55712
58597
82281
37408
97444
24801
75452
5134
59244
48006
74570
97662
93087
22638
30052
4063
74936
65043
10357
60582
98436
69775
88485
16933
30764
58330
74137
89377
80233
29723
47658
52296
4671
29939
89703
18466
71091
81506
23600
30335
45864
98169
44348
38950
20807
74399
59364
95742
39441
86072
72676
54228
72199
61160
71161
2962
35841
45297
92339
32426
91371
39996
84721
96042
86286
90776
30859
57377
72281
54458
4063
18144
52627
48410
73446
73433
39161
49161
85526
78601
51585
58201
49181
23783
35712
20341
43096
87905
81989
35434
36682
73359
91782
37754
85752
94419
28529
16611
68147
17162
71068
72209
51657
40046
36971
41454
13478
92483
90615
15356
87435
58551
89908
36615
82333
25620
56955
25428
29876
38943
77214
66557
28654
85347
4310
14405
79765
49191
47367
47912
66352
18435
36472
34360
58480
89794
75814
88310
82276
82780
3665
86063
41330
9924
22677
23662
51895
79632
65441
81770
34926
59006
64678
63579
44352
85340
94336
24117
34530
41702
88380
17233
60136
41203
51592
34968
47349
43757
39629
45976
26536
59645
32038
84217
69568
54715
7878
21463
50698
89671
19584
85623
48676
84262
65554
93028
69601
59889
33496
20482
1590
21875
37714
78078
79429
5657
29397
26777
49414
85377
89105
92301
45021
21142
76518
14588
92208
747
52402
42905
90417
71986
44880
55445
56247
10433
48472
42199
86673
98319
62680
88262
36545
393
82691
15973
22401
12087
59102
71814
97463
48206
64115
58835
85699
56984
89775
77907
57730
42176
20811
48147
30513
82042
19943
86759
92474
68414
28957
95498
83084
7988
112
19628
24732
82802
51952
47133
11241
11053
35298
25055
75610
15764
83890
61309
72747
90016
39215
30477
32191
76377
94975
62704
58419
14917
65814
67244
99682
11123
79094
82765
19110
79205
18744
60194
62006
70695
7326
89598
98100
42623
14653
73709
74739
14894
35017
47485
4909
90583
77961
53451
83312
89287
32506
58082
4203
14672
41677
20236
25794
20770
3000
61255
99974
21743
21448
61980
8790
45125
51577
6889
87748
82581
80597
78838
97474
31966
26322
18734
38900
20635
88537
22211
9921
21042
80292
30476
35713
21969
50711
77858
42738
53711
55465
42712
91805
76912
21043
16946
38389
88971
23834
42488
71552
20783
21325
85377
52748
47646
20463
91647
68280
8999
30210
78201
46392
10501
25028
98457
48821
75738
76314
7911
45800
48130
66974
37605
25042
4368
70902
63430
93338
94736
5917
81241
15518
27241
82970
84617
91238
19784
92615
59518
28782
22824
54070
91525
49677
79097
89981
98497
71186
82647
22759
16986
47128
89732
70942
72169
94099
41843
51950
3789
36578
74218
85029
68447
17810
84350
69415
25400
4133
62030
1269
49266
1205
71690
40791
50881
50786
47123
65730
38323
46121
88488
55308
93249
94572
26249
81769
88670
68092
50071
92458
21021
40640
93839
5820
74802
78188
75234
201
82321
53615
1469
31586
54820
73158
88728
22052
40295
52203
4133
78617
14675
92621
33925
7923
3544
60173
6044
92213
44616
56114
1023
65637
13105
94861
71456
87906
89400
46689
88106
71720
16656
5926
19658
71475
79083
8385
9878
35729
76939
14011
14346
91614
22983
64622
15888
26526
24794
21931
35090
69410
94396
36112
51398
23853
47324
22853
11758
36724
85893
16216
24795
2548
22141
44452
90374
17576
69189
252
53304
46127
30614
84001
54092
69948
48622
69980
12825
89768
8262
47914
75529
19010
378
26926
42862
47701
66130
54619
776
52022
87186
25571
70922
25679
86374
61295
43254
55562
77898
12909
18041
24863
96910
88484
94810
45531
58463
7634
35298
83077
55548
27178
2086
72277
54103
44947
36329
20232
15917
37105
88606
19455
79027
59527
45133
65400
20821
4738
37314
15071
17646
71706
39933
14555
60189
34743
76438
35004
58728
28087
34432
14275
55265
36517
2903
25719
97815
39232
62303
30083
92688
50908
49537
88066
10434
94669
69817
47606
15758
7130
62676
33404
95187
18961
64310
71728
70055
40747
6731
28782
85186
41162
59409
56802
94030
62311
82520
8196
17894
44822
38278
10581
12081
4167
98646
22514
98835
68463
86472
14593
91944
65499
64348
3483
84459
28657
75210
54513
85756
98292
83295
70941
39453
59055
44094
49834
21365
26613
58029
39259
87787
96306
66191
99867
472
64837
38733
15659
49651
41556
46603
57946
7054
27302
61428
7865
55958
36637
78729
58065
34928
78375
45357
90732
37429
89450
40565
75146
32415
14945
14404
20201
27603
96946
36419
44426
78134
91503
76436
27784
49410
39390
2082
72816
66691
63509
80680
39001
146
75760
97065
51425
70487
42422
42157
7915
31871
99073
99412
64285
30370
13815
837
57972
27113
53608
18749
5246
61462
95185
33030
10872
34574
35111
83687
1265
14971
64366
40265
31468
56477
53681
82893
26963
96102
41401
51230
27973
56825
50641
8609
87194
80808
25798
61517
7920
79405
80266
13165
40866
91802
46194
51737
26375
97656
35423
43991
12627
16140
607
60446
72617
70640
43338
15931
66741
1090
67160
11065
57915
17801
36026
61460
98608
61823
39329
6527
41227
35946
19691
98444
27747
82237
66533
70473
96244
18307
30816
25222
34447
47774
85668
23415
18413
29005
39345
85154
46447
22857
12570
4361
40657
48595
82172
39264
10417
37852
62142
67995
73797
98184
82791
17895
80420
49323
4720
76664
67629
35535
1885
18427
83308
87552
58193
18073
32909
13890
3226
79355
36746
32147
67
77402
80742
98590
33017
7510
36442
11510
91857
26590
9693
74647
44485
90113
40321
49204
83128
24301
1090
85012
59080
749
88916
17272
18821
38176
31161
38398
33882
67906
70545
33948
61659
51286
32537
11027
75147
85330
22536
67003
11920
32229
58001
72756
22341
14673
38311
5468
38974
39400
6831
98053
40148
12098
15324
58969
50273
62837
97366
84154
47094
67910
34453
8753
35547
83342
19779
10694
68671
58667
94048
96942
90895
52049
86049
13235
66721
24359
35054
22046
63758
58236
20098
3906
86686
51774
62874
53310
30962
76591
37464
78055
44501
88268
3159
96399
71609
39290
23444
56632
97956
17492
69925
88850
85892
55974
18436
68964
80332
69841
91010
44090
28076
27459
64347
31113
95584
43572
84423
26545
20162
38238
20952
81014
26505
40462
77413
14466
96103
856
87449
94058
34699
57373
99259
20590
29698
34046
89554
10030
3886
96915
70471
48314
40725
51169
79426
36309
94740
63848
79205
14901
2085
16508
12267
44942
56970
6031
59407
53072
6886
63207
63482
57937
20579
62740
78526
66629
13138
84431
76658
17023
97697
63480
81688
38422
14648
77466
74730
25739
57665
70286
56991
76102
86794
69257
21043
43763
75287
96801
13186
98525
60007
76667
56461
96937
55759
51338
63565
68896
52121
56574
2270
49817
20053
310
88238
51052
77775
79319
93142
35439
49605
50133
27892
36398
19389
48934
96512
11028
62086
9697
9552
22092
2716
66012
19029
74826
33701
82593
60073
85821
55519
78694
35638
91923
79003
40227
42975
73129
19546
52468
24920
69150
2600
52811
21899
21989
18097
18410
49368
80182
44458
58919
2274
63525
41282
37654
38350
74982
36598
14774
60803
92116
93468
12792
84039
88822
53018
43365
61951
72563
95832
86870
58064
98432
56032
96314
36772
74128
31075
86139
54310
75533
45057
72935
55409
2690
10588
93759
94023
47185
24884
54825
55653
18351
83968
39691
7173
36986
83055
69123
25900
95238
72344
316
93669
28375
96629
46792
18855
27704
32930
73164
19588
94338
62450
74996
97027
73037
85106
91050
36573
9990
62226
92225
44692
62546
48267
51864
99531
47673
37338
41782
42911
9681
58449
52931
54408
71430
99723
73262
99133
32652
62777
35072
43342
25226
26419
56720
14614
11525
64121
67538
37866
26347
76115
82557
88892
40733
50773
4774
88406
88110
62907
31316
14143
37708
84246
68550
9137
83968
58163
24621
32972
37291
59692
76313
78868
86110
33032
9833
13986
97153
93722
68203
39851
69836
67112
45094
10569
17884
66219
15326
5993
45477
46641
20135
83184
47238
5036
92320
47558
79550
16940
80529
16840
92983
73193
95707
95445
22576
21891
9430
36080
15613
93985
92282
85448
61096
37375
12368
78979
19945
27693
84971
65422
90685
21458
64957
54275
42845
57277
1832
22395
90568
98712
55586
83551
88256
67645
78995
10831
89535
4776
63263
5147
15112
55544
6947
76207
9271
35666
55185
29215
79711
56508
10988
86747
94317
75945
41021
37161
49573
59204
75907
40140
74267
31493
40042
62522
99137
35388
89705
88671
56516
52967
10170
71627
8510
17116
47834
17780
69133
19370
63347
48843
92229
74334
35590
86545
66630
92962
40058
16202
52166
15964
72694
26432
47456
29087
5306
46592
64475
95010
51615
37342
47976
78136
8968
72837
11603
73153
6969
80735
92523
70315
29578
1103
44648
81519
87648
27630
74480
27705
43831
42997
60020
32876
85781
7476
61963
91086
70419
42789
2447
38385
80130
66774
16520
5449
39610
28122
78602
62930
25209
87476
33244
71138
88578
94244
52656
92577
21873
43487
36633
82055
2836
96653
14931
88616
20480
93245
96053
90898
36033
14851
29283
32514
81624
62154
37962
37585
6628
32915
515
31836
36742
50110
2973
41672
60705
71980
50600
82577
31818
87233
64632
34653
237
95914
39620
20716
89158
52024
11613
25190
66874
57247
74055
64849
35753
12016
2434
42380
61283
19300
90567
98024
85761
93539
56047
46466
81870
6647
29042
13687
10231
10025
48340
10467
5938
4311
31182
11447
56335
59146
36636
23208
16393
10690
4409
68497
39058
6842
10876
16692
42493
17794
31067
28253
11332
87114
74718
93201
10112
20112
23239
20342
30136
71578
30808
52426
75889
61989
63872
48575
21134
16860
88134
53878
43901
92542
38726
99310
15735
65953
16001
58227
83746
47068
86480
95077
50533
77549
4629
60644
97660
27868
80985
44148
15797
11792
12925
8037
90132
76796
56611
27617
10007
61097
81495
53908
53638
20220
53217
69373
86173
85570
27599
86270
48989
30430
81347
99521
7979
2327
76516
21990
46546
73852
66137
78695
85643
79061
86731
92126
72209
59694
19742
82215
20790
17588
52474
90779
54160
22043
60151
56684
7612
4102
42953
72952
34531
40651
72472
58861
59330
65339
80851
5875
39190
63339
84569
41184
58752
87652
33309
30960
63697
53050
13174
84486
86990
65648
91616
41149
87690
51767
97832
11653
72220
57136
84604
6750
97787
73427
81963
57116
38765
79165
79342
94306
42503
63911
35489
1254
67914
85149
48565
31610
54550
61739
32447
41539
43738
24062
82687
47779
92180
96870
75783
64399
54006
60386
87501
51792
50164
69463
25259
5280
48627
4600
99585
7481
84862
51425
25087
52775
36573
73651
736
91122
51741
49534
32661
95478
73596
31699
59608
82127
44921
35390
46526
98926
12127
34026
67069
62290
19840
92327
67569
84818
13278
83505
8650
98140
34929
33736
67266
87853
7387
68002
78975
59127
33887
27987
70957
7482
76037
46916
89609
20957
82306
52486
36234
10784
86511
19654
73074
22702
11980
56994
7519
41610
40499
16168
39749
91779
66256
7014
79632
89994
91367
74958
49120
25254
19296
36428
49087
95332
83344
55047
32641
82001
7532
68874
92784
10394
88528
82209
33095
16859
55555
56965
58468
12405
89485
14568
4183
55740
37934
166
45733
29300
91475
11204
70905
10770
63984
36344
22454
63679
91390
55094
62031
15274
40319
71166
25667
45198
53375
75114
78409
25281
48430
36876
37685
37914
67796
58219
10005
5729
58385
72089
51380
49859
99645
38637
76981
63628
74980
99434
43658
82721
70879
5688
97994
27549
76853
40013
72747
46579
31478
51155
71859
96259
4382
9543
50525
72177
67762
60529
77905
42498
48970
29285
8708
48614
84273
85688
28593
59252
1473
72250
58324
88703
77937
56318
16252
54789
12682
5350
17720
60511
56504
89578
56769
77237
15473
7293
49414
83234
84174
43670
42083
33143
89306
50790
98108
73578
52830
26700
49181
70654
98949
7505
59357
93237
63822
91960
64377
92855
97309
82096
69717
70164
88026
26485
47400
3498
50130
13165
3083
34303
56835
45165
83797
46140
12306
98256
36070
65135
24955
85250
52141
40255
92754
27849
49843
72927
19808
14219
82133
33468
12667
51849
19983
692
78334
67382
4189
44815
80547
7271
95469
53733
68787
95617
16224
81092
93872
52293
62579
35178
37543
14719
91784
46648
42567
41626
19575
78726
72196
1707
28545
84862
69908
48527
85553
48241
15908
6093
9407
12806
13363
4875
82890
98501
491
99114
79593
94362
51406
42171
45891
5300
73241
37674
68300
32159
79299
87874
27236
67846
5932
55780
52708
75839
4306
54612
40431
36565
60705
49837
65723
90419
71063
48612
88920
87905
47725
68512
82266
15483
27034
44508
37134
16626
82181
5433
48784
77831
9658
76019
45677
15590
48150
14736
7780
52455
69347
48211
5371
30051
14399
71093
36822
1814
36057
25741
89718
133
10604
88336
31967
53989
32843
69101
70614
15024
90885
19397
9206
543
11767
54882
32484
59916
69617
40263
28722
55316
4825
50444
1718
35576
37889
38539
37389
73945
64279
27106
90429
91234
31793
22396
45222
64636
7848
15835
79659
98732
51583
5216
15626
79701
60098
48109
55968
46066
4724
1041
1381
25900
51485
3099
61475
89373
41637
15215
79669
22268
58673
70097
29853
90465
8844
75075
55100
16691
7261
51110
31775
75196
56326
47400
71248
32775
11861
27216
78840
32936
44608
96573
58835
96092
99671
36662
1816
57659
51876
97836
96278
10548
84285
26131
17365
93128
17557
72464
26171
24817
39926
57945
16364
12603
21696
87612
45377
49908
31179
40568
82843
75786
37140
41678
88230
36810
78339
6397
10821
46566
4233
7098
57114
88517
33228
90830
97996
67136
79645
24166
91953
19570
98462
24668
48524
20158
28631
93900
70065
76161
34468
69260
68299
87959
10937
56528
24769
5627
62924
51941
52192
83508
59038
25657
72024
8618
16486
70020
75753
96131
10537
84057
32052
8999
8725
80576
29156
53707
90827
15572
29868
41646
1183
14518
29605
12119
71045
54373
34097
50320
22665
2641
50180
81702
28297
22203
6671
61135
8574
82424
73617
19111
66480
5668
44461
91556
2595
89968
61615
93422
21891
7834
35067
23074
22351
64671
51544
93395
35395
85641
60066
58059
88281
10245
56113
32929
48800
62783
94063
73725
45206
67679
9187
28038
89699
53647
35945
92293
43614
97559
2066
65505
5392
37133
88578
44094
18155
40121
53840
53550
42113
13906
27960
46745
40502
84072
79674
5653
46855
73736
79378
8412
57767
4916
52801
47465
58563
88746
56109
18528
2656
58175
84032
24400
11659
88961
68493
29813
45434
22333
99714
3898
52590
27674
50643
9443
28097
30316
15096
91303
20403
10825
99715
94521
15740
52515
58337
90654
57612
14446
9182
60268
88972
9565
84667
630
14878
69511
30442
60311
91843
30156
64208
44432
74181
31202
53875
2277
61517
85322
93580
98272
96146
9646
92792
28237
78512
51129
18891
36124
81926
44424
12743
70897
53988
97409
71526
68865
66919
18319
45527
75114
48474
26087
35897
22654
57288
6123
41283
35157
91444
51214
33428
3941
60859
42571
32178
55722
10051
67420
91845
91976
11843
4587
79224
65830
18347
67101
51047
1618
85420
96573
93083
33893
22659
28979
72899
96299
51454
30533
31455
42897
81746
81234
63190
58956
23804
11719
14677
50207
79138
22874
58534
90980
43812
37758
73161
78511
4858
24207
80128
90277
37132
89562
40522
59790
18540
29772
72440
69993
60304
3894
29242
42049
1479
92431
17356
25283
20501
32032
91841
99638
54905
50374
90617
15069
88131
80129
93579
9341
4336
90058
15969
41467
79619
56490
17608
98158
86261
90048
84503
46564
10293
30096
4964
11772
38878
22319
53406
59378
70703
45246
59015
41959
11971
65983
57027
16454
46111
50605
25794
66798
40662
41762
8264
20280
14604
42224
34790
17216
48623
19292
80132
75267
65739
85095
87038
4616
23766
56795
63993
94468
18392
39359
36426
46715
21693
93453
63168
67803
60409
88961
34601
1071
47074
59216
37702
78029
1439
72491
95245
66413
8134
75376
41680
73872
76822
45069
94839
587
1864
58831
95054
36607
14541
31480
83321
36233
41284
46488
20388
1692
51800
54988
2762
15226
30555
56816
93254
48346
29306
88498
14758
37440
80225
56437
27663
57047
17858
22502
57633
19721
97684
52687
72679
12225
518
72352
64809
58153
18839
85196
59844
86991
56535
78958
2216
87090
35773
95469
51787
81430
319
82896
18869
80543
39333
62884
37589
57190
1737
95222
93262
99420
64260
82292
27996
81129
54643
92805
39281
89834
94352
99124
76824
50887
94433
79039
54328
46557
90859
6114
27987
91177
89009
63207
88072
44693
26090
42012
18234
27826
53585
27847
43598
17844
10139
71593
15324
64781
80749
54604
54614
75101
70080
47789
25987
80864
26827
80314
27421
34038
2779
55407
41566
91787
18613
29637
52832
61055
88001
71065
5232
41585
98912
48829
59429
25402
20422
74752
6534
1170
45708
61148
76270
32139
25288
18608
13002
68467
15273
40422
2504
18051
95828
60421
9838
30793
6410
62669
8199
94410
50085
13430
35994
65348
62259
11774
90749
99032
2878
97283
16553
48585
74782
92823
80723
69
27782
93724
68535
43055
50498
87390
61105
62677
47811
87294
93469
54220
66314
1667
48629
16399
31449
974
98098
93707
12748
88847
92738
15625
2481
9290
64209
93614
18464
61283
10034
62598
71358
94921
5652
21855
82310
66756
84532
46472
70402
94352
17043
36715
12371
65671
69465
43819
82997
67563
53877
95744
72761
46614
11368
75241
72255
91928
85206
7071
53210
95239
69668
24567
90159
75319
62774
88821
58426
63657
35292
28827
58008
68687
81894
86730
50709
51358
30548
33705
35272
84424
29448
8032
47389
40815
99624
19644
32742
1181
43066
2303
96420
12733
43222
2930
88051
5995
91750
62828
69651
43394
8007
44010
12080
89900
30740
79140
57609
77639
12845
9233
78415
42292
17264
25803
99459
33240
61798
32200
34420
4863
50855
47191
17595
94076
50121
21997
70
58222
84825
86072
17967
9183
30081
46398
99082
77172
25538
73042
54811
38382
82274
33225
80673
15890
59027
96483
65481
37177
28683
99900
42039
95889
63443
75986
89964
13563
97982
6385
88136
99158
92456
6103
8340
38888
68852
23773
16060
94389
13167
70870
32770
11792
20446
29795
27681
95824
26277
93161
33000
71311
9413
75039
67199
72855
67376
73514
2769
65357
79898
90904
80867
72353
13358
5558
27593
82210
29331
43652
76598
58849
30873
25720
70640
51318
71866
98321
47141
14494
7833
80141
2157
17245
71531
85707
6451
55258
59221
9219
20614
39118
16475
17832
27823
29832
23390
71767
12041
69072
15418
4991
27920
46290
30710
98559
13959
18927
13231
77451
33420
21064
57591
51928
54660
45473
37635
61111
17082
96855
86681
54048
52324
19507
71879
96498
49339
95268
68264
77731
64339
33
82721
92258
62674
29782
7169
76632
48708
20399
54083
98480
41462
28025
50407
12474
89850
88041
89936
6931
1247
76616
60978
53571
12475
32857
66420
61813
44476
34684
39543
25167
51068
22264
33776
13742
52045
40944
90373
17105
61343
60807
15584
19156
88832
65990
31629
78681
70383
37916
1963
71629
30884
62941
25199
43358
12149
7971
5170
72976
59006
61064
98142
10073
99679
48270
23814
68076
5565
14187
85180
83259
74993
763
2415
80176
83104
50395
75208
53486
88311
77171
25115
19194
56463
66665
62551
84963
74635
84072
57938
49992
45135
72432
60065
44814
37053
83878
29241
42617
14416
14420
25876
5761
31534
28290
2288
14637
95036
77496
84475
99698
71018
9589
18891
27480
92605
97793
12442
83592
81864
86731
33583
43351
75514
93647
4516
12566
93877
33756
55183
24644
48175
81058
30404
96060
25699
32692
27048
20734
26539
11522
20432
97556
37462
55674
25035
30067
53467
53828
30010
51682
56910
63592
11384
48776
73591
15899
61341
83819
49654
32875
8462
14180
13932
38866
10239
55982
87909
37287
76716
30799
48808
13499
28354
2622
69172
69740
49040
38990
39919
79049
7024
13180
58992
18407
61955
32582
34306
23296
32752
311
72522
41214
14491
86454
96431
41081
42435
84339
78367
35502
15137
43527
49000
59842
62500
34524
29581
11539
89865
69499
6939
96888
82678
65930
15295
60985
14864
65952
632
47615
66262
73153
88828
97104
75958
85258
54537
34745
85948
49255
70246
17436
9133
35598
77277
71632
86473
6857
83170
76337
92707
90108
89577
91737
72390
4871
52721
87253
87174
53352
51219
69787
42856
40047
83243
18814
41656
37779
53558
27604
87033
40155
45039
96166
92104
22316
84149
78576
45524
67319
71265
54583
73778
60841
46319
62519
65711
15391
49771
69236
85094
990
39022
27949
57388
38616
63114
99043
76394
16671
42998
79779
73178
4389
92296
65281
43056
76444
43857
88579
60114
15121
59513
50244
92313
22183
12762
58023
37573
78885
43610
39018
96226
98983
66967
53613
37599
46432
69007
13992
63103
28357
10122
52632
32745
2417
17912
75800
78861
78120
80730
38974
9592
40243
89217
1904
62425
18331
76278
16350
97215
19887
55367
93440
18870
38685
63404
72820
85117
32410
86811
64571
60766
96933
17202
9862
15701
51465
85661
94561
45937
66391
49887
55528
22985
55455
73784
1761
73785
50061
18110
70999
86300
89829
80790
21521
28513
44193
94340
29981
76603
97502
94551
53720
10786
28104
63582
26487
95921
65594
37399
41857
48336
87285
13736
71320
59092
87519
73081
32876
53932
91190
20227
56583
97370
1016
78103
25883
45209
88794
72215
38163
2647
83118
8234
29785
11221
88167
72623
7141
53761
10021
65349
2096
13658
79085
89768
72749
66603
62848
21976
36886
70389
58554
93468
67759
59570
87922
9993
21130
93067
82207
75644
95714
65324
229
41850
92897
88396
14472
16389
58508
40844
81738
76955
70853
77174
66722
59953
60128
45921
98281
97014
32662
56834
90481
16772
32755
94755
43116
70236
87821
41674
62231
99886
23350
62460
41735
16246
67207
72558
48986
42066
13402
47075
19020
606
24248
2094
60559
84376
64366
75191
97741
97027
32024
4573
30150
64779
99327
73265
51366
87148
14939
13597
87033
38288
92408
28768
70885
59614
17677
19870
18031
47430
66945
37050
48036
7544
55495
24946
8271
19861
136
6011
33239
48511
10584
79741
29641
9910
53005
81007
13409
84295
10955
442
38934
3362
45561
9818
79327
63237
46040
97357
10667
29336
50758
75054
53231
22605
16351
61502
58817
16486
67512
8407
81348
78095
88147
10989
4357
57504
8347
17765
41798
19301
18206
97084
22662
80118
23253
18340
59707
69292
15696
70373
14979
82805
61778
68210
5409
78128
29711
80577
10965
97222
88984
92312
91669
77130
19652
96025
34633
27998
30141
76431
47298
48347
89866
69959
44816
13118
4650
4522
82410
36697
91246
13740
19502
53023
81949
41262
47502
28011
21839
58466
41585
10822
67130
33253
4303
86781
45629
38936
14779
75769
31718
62076
40467
21583
48387
1635
34700
53036
6156
33461
89733
97402
47201
25586
66776
45501
66847
14278
73512
5037
89095
31448
32210
56224
81052
36513
59357
43032
75448
74135
35152
23517
52562
75619
45099
948
93605
96150
70336
99760
29611
60068
13513
93163
2005
96641
55015
68851
27270
44878
90240
32716
76325
22449
5292
57376
75313
64648
407
67112
38782
35559
90628
91343
27529
35726
8643
21133
48228
78978
37244
77838
55397
67109
87352
57401
63749
42366
42603
7370
87244
32842
40085
63568
71643
45376
37296
46955
10023
37702
14067
65156
89612
4694
72851
33492
56772
81493
54624
4999
76822
8220
99188
32218
75328
86539
89618
55428
45256
32220
79149
32499
81414
19233
12419
69408
64609
66066
16362
90983
3767
46780
72491
9731
67826
45341
43222
40949
43185
14198
62299
20006
22417
61486
52223
14096
64376
58192
85875
9631
6763
65023
58482
88176
84255
87252
57583
65215
53317
90297
72550
73435
53428
45040
83165
21253
6732
42739
78553
49916
56936
40851
86273
95704
2336
54847
26151
83063
13038
12025
9046
19800
93399
83879
24328
94005
71130
98262
59220
40798
88558
48121
14232
41986
93160
13749
79590
16243
56487
58143
66158
29774
98993
52430
41829
17681
7276
67979
17095
36665
96355
26140
72816
89753
10018
97143
83757
97499
11757
59328
38296
16666
7448
68880
58651
16959
82628
54593
49553
55466
29087
15710
1591
44431
84491
43419
62111
8118
27749
95558
61134
40455
21697
33950
30207
48067
47444
30315
61917
59200
5995
213
75866
29794
69092
50868
63105
68071
21812
12657
23536
50898
44719
25126
95329
45561
84896
73791
70031
12644
69348
31164
69450
7397
81465
16008
71815
28909
62674
33731
4460
68668
50295
96677
14814
19386
63897
77918
87456
85708
6926
27343
52958
51644
68820
48286
13557
53715
38428
83587
82710
24128
14750
52159
31524
96215
84518
3338
41475
47192
53420
45934
15859
3715
42611
30672
39452
6507
24941
26908
8566
31867
70602
61523
99862
39422
26160
13418
9488
64588
97004
8550
88715
28106
60708
36590
24320
45226
39927
82146
92417
9698
28079
24627
13412
87041
71651
52864
9899
12943
96123
18465
61161
66724
96339
61023
22497
22499
90792
31985
87086
4148
40534
92152
32253
17593
28741
72924
79170
85019
55069
87938
94716
99499
28917
8128
86540
567
60991
12790
13509
73465
31254
74670
40188
43945
52044
79037
66443
59187
11021
69880
63334
67906
62031
11938
85498
90771
84861
81020
75789
56281
68957
70504
55780
97873
94983
58671
14791
72325
71460
44652
45789
19066
35673
2329
63010
4068
81365
29452
63254
8737
99331
42940
76642
61361
54877
78491
68483
56090
75862
44271
12370
61171
31126
84501
75395
26109
43171
90186
14785
14631
51189
60574
33696
86861
62902
96705
90928
60618
42508
70533
85706
41838
13472
62347
19550
84701
57189
88032
40790
33051
48654
69511
94221
79779
70364
85967
22239
13534
76152
37024
28164
27340
13949
78211
30552
93202
91267
21479
53819
33774
92012
39524
75611
21835
18222
11512
6535
91762
99543
63676
24812
48196
49539
35384
44327
19902
21351
66565
33435
13854
3588
77951
57546
17536
56161
88097
10737
63780
25928
80907
97553
17939
36782
89516
56125
55003
1027
62660
46765
570
42687
87928
65117
92225
39664
9443
12126
77366
76008
45561
7571
95947
39863
65116
29835
96023
53213
56923
76154
79140
37830
73707
13430
74611
63222
85906
45966
64248
48565
9082
81169
7604
97009
46286
99828
53024
55728
11954
46741
31735
73866
54312
44034
13728
19427
73868
26102
88991
47142
2256
84482
84971
75962
14263
75934
55535
169
38251
19782
65085
47332
17303
72688
60692
63588
72516
30068
19315
821
76808
67402
74686
31119
27787
88413
66898
18006
14514
55888
65147
16769
40370
66470
9082
54632
42403
64616
71152
97005
750
36237
44336
18052
8924
21379
97991
81439
51446
33657
82259
28254
17410
73296
75724
45196
61708
42621
63201
92574
14861
44700
25694
55230
11169
34776
26213
69923
15743
97365
66927
32844
33601
27614
50895
58876
48992
48885
40315
16790
98894
38925
45043
16303
12221
20766
61499
90280
79739
41051
99205
94599
85750
24899
66180
96918
76026
8744
66840
91768
6108
50118
24612
56060
77731
91858
14936
26723
57095
71602
43512
55988
26878
4906
72290
39098
42023
50140
45730
21761
7543
44934
32711
93292
69832
98890
6562
62209
7634
89753
70329
30093
39871
11292
2505
17601
3149
33792
60675
76595
21745
20538
32582
48622
41795
21224
4072
83818
87715
49801
21930
95257
11086
54641
4901
80918
69882
11462
59478
93867
17566
29806
23960
57436
41097
42816
91389
60598
76607
68415
53544
98351
88953
2478
46972
30747
23701
67395
14564
11415
17195
52846
23024
28281
23838
27924
25550
93719
39385
85027
87586
73302
31185
27897
30738
88633
70712
38478
65582
63670
6892
19126
78372
95844
21603
41695
42943
61655
9090
73858
89421
26284
26703
12444
70916
50540
40367
12817
60611
96103
14196
48196
69405
45380
92444
16494
50364
63155
54971
15946
43176
61862
51423
21547
74058
89377
63241
17000
67383
72330
90857
56803
14966
33912
85599
2233
84451
25965
15050
61413
38420
29245
25960
24176
90976
18403
57021
41339
97909
11991
73636
41084
90204
41410
78982
80613
30786
42223
13964
98168
30904
4821
71323
45869
38732
56921
48102
39534
99237
79503
17299
54008
8747
43258
78183
16074
61661
35203
57412
75921
63545
47400
17005
70101
88809
95986
50713
35947
54560
64677
50466
85464
85849
38140
47684
40932
95060
95785
96817
10649
91639
14115
64656
385
57373
59191
32810
35385
10745
6574
11305
74290
53973
44661
44390
59133
40647
11454
11431
11558
92482
78249
97021
78330
16388
44705
35613
11448
56841
48782
38448
48480
62896
3103
65216
36620
78645
98026
88356
89390
4599
99661
63679
74923
60673
24420
50407
17671
35873
61838
29229
44707
40086
26249
39388
56473
87305
75001
84272
44146
23782
22719
8977
3029
42174
90544
56001
20818
88569
44356
10207
9519
60368
90237
793
21041
14656
51200
38711
66881
29389
67939
27939
69474
10540
67326
42298
97844
58678
42922
58341
98811
81992
67317
1840
40517
74213
57840
77687
79133
2195
87893
88652
62563
94482
5796
99955
25489
56995
38665
92369
86383
6604
36659
72208
17143
3985
30858
14986
62662
90131
89679
61473
72122
73347
79664
28991
47559
53855
6677
26692
72401
94569
31695
51315
5402
37490
51269
30891
94485
89934
39611
97219
96537
76270
85779
30031
80254
32988
61368
59267
23118
51046
37091
11591
24393
16754
40581
88303
70608
47257
14994
43009
58178
46688
10675
63579
84178
61944
94469
95014
51877
34080
8584
64765
10349
10714
94795
6954
43701
56162
66220
83170
23560
19663
94761
64304
36416
35341
52606
23376
98950
67600
82736
57127
30639
93410
20705
31168
55353
31526
26181
23581
81957
51117
88345
8657
78182
99491
15610
21883
72005
98181
21404
95564
17843
16164
59867
70611
67857
12472
93986
66806
96423
93073
40284
27062
86482
60988
74581
58187
8865
762
81767
90821
68230
70112
99477
46411
69602
31438
84645
41606
45971
6049
53521
80165
38564
29739
50775
6420
58563
61112
89577
54985
54184
29860
98398
57018
7200
72979
15204
16064
90092
96970
23237
74673
83433
39065
21083
69387
70503
22080
27344
32825
28128
80865
12989
66691
26955
80116
89463
85517
41227
79039
40502
11763
8899
55251
85132
16098
28229
335
48513
34672
13656
71749
9344
13441
10814
46779
99179
97668
68858
26522
30492
13337
23738
43480
96379
50693
39947
85841
36209
81174
64880
93062
9288
90130
48313
94419
22579
92893
11105
71091
27565
41112
42840
53260
54552
70005
38
53730
67672
85247
96604
98163
98583
36693
57994
94962
3737
97941
97154
39946
95466
78385
49359
21105
68514
14023
15523
7444
6916
42979
78535
50832
84090
37726
4091
54994
7730
20481
8723
91753
5727
21678
6267
20662
58371
64260
31975
62107
78552
29128
18404
74017
7513
84115
11473
92378
98137
26995
99822
5052
86325
94708
72235
70415
48785
92678
25408
56514
13158
50482
64618
35236
88512
70884
55897
63234
35143
4223
41692
30047
33351
60096
20415
57215
44210
31888
65944
58698
75234
82117
80102
61559
93176
52336
31973
41960
45013
73732
98473
58170
24213
63090
9758
29076
50325
82006
92309
85468
86229
34001
31866
19579
10448
52280
93145
71009
84167
59088
29706
59401
57557
9807
20959
50732
62143
69283
92692
23507
43014
7516
98029
83578
86958
7786
29006
37282
89791
21314
39101
76019
55314
70966
11949
82113
23246
5093
53121
23764
80533
82827
83164
54441
92633
20474
5172
71127
6108
14215
94634
65473
21731
92662
49051
8688
16799
94408
62321
6589
15721
1422
98960
87387
72387
10908
69499
11984
32353
22620
35748
29237
5446
35263
83677
14430
72089
5200
1909
78196
19415
12894
43669
41145
21907
9071
66184
38705
3478
28504
45293
19198
46277
44252
22936
18664
55160
92435
46999
3864
15054
82746
33100
36851
34361
16776
67632
6449
21975
85892
84644
41389
98785
44664
98885
20691
53734
81420
59395
73563
9924
21040
92761
56200
65291
15696
91215
36802
24482
54566
40665
39535
53663
90116
92737
88023
23243
76721
10823
61570
62612
95467
2958
61397
56482
18195
82087
26568
99614
57834
130
25889
78873
92890
98441
60515
24938
89655
13669
49419
44220
54333
5306
97883
60801
14394
2257
84043
91114
13080
45612
53726
24898
64922
31474
81379
99468
29912
7946
99081
87745
8076
24970
82969
17317
39762
43484
58606
29416
57152
24377
89988
27836
29682
4222
88636
60427
22830
89031
51541
35909
50994
21618
77158
15915
53091
58537
15382
83002
82834
30815
87099
7261
72136
70067
24578
11897
29902
99535
57664
3405
23911
47651
31241
69944
68224
36228
30371
91054
41610
81911
43314
92604
19880
20472
8518
72970
79008
40252
72323
78193
71066
59421
85454
59553
45840
26383
71449
92093
42269
29112
95498
66180
93115
43090
36123
77690
79317
82845
68743
37279
81107
12057
29882
986
48880
54751
90307
44239
95002
62630
22431
82419
38402
24236
58323
593
66970
29771
92686
9239
75235
88183
75418
84701
31272
27892
62390
26940
10737
31133
64218
8195
59541
10451
9181
8420
65202
99487
52658
76555
78468
91440
75326
16870
15676
33648
17462
82645
79771
26499
91883
71357
14681
83652
56057
62304
27896
18446
89244
54984
65930
69813
63178
25470
80264
72358
50241
61817
88197
19250
54723
83016
10690
30048
99885
26365
80048
33699
25361
76170
60197
33596
47526
91230
17247
3582
53533
45142
22027
59128
125
4309
28941
63303
29778
25556
52012
96371
3724
56560
15620
58446
39576
26309
88494
55812
52673
84893
5862
94386
61062
66059
27981
8587
73640
45227
28520
27172
6721
66898
86300
23197
71206
31592
2851
984
73499
54863
13706
77222
27774
29325
35667
83701
55634
40512
39513
24658
25404
45374
19043
86465
27784
63375
11403
1423
8602
39922
44947
31674
6820
47598
54870
78025
95541
57721
95360
69039
28935
9065
62612
73060
38390
98278
56761
10375
38790
12625
35032
80545
74350
70427
83362
18486
33801
94764
36260
58754
34686
81206
6779
41505
45155
61649
35881
40695
35721
31241
9733
81007
40305
72344
70418
95046
86974
27178
5420
42115
56154
56804
22659
30504
43582
6020
65341
93734
17136
1600
52488
51821
99158
59266
9677
44312
37266
45557
85007
89338
76797
11091
86696
33454
99787
57114
44851
3112
643
66623
45226
73149
23426
84236
20004
83359
6608
85344
77092
23743
3295
29579
75563
2452
5197
1591
46764
58814
47147
48122
64504
40296
75564
51199
90101
75350
24664
34951
94813
25307
1573
40038
98455
41350
40626
34810
24708
47233
20153
1800
87327
23447
47730
79241
25899
69278
80831
89014
28092
27977
53487
92595
84624
29050
60145
74724
20752
84809
26027
15564
26467
43951
71954
41273
85301
12579
76082
26360
76163
96234
44511
63489
36032
92241
42729
61930
61518
39911
67295
5961
84239
37133
14907
68863
82535
75052
59938
3286
76212
2316
35201
2678
46267
23506
43950
47919
52436
20031
74278
28598
32616
18789
8438
68647
27381
67518
46929
5250
7428
30575
11211
91667
67708
26117
60529
50242
17520
36818
69879
93731
39134
5079
96408
85400
44937
56709
33318
97372
93091
23947
42322
25706
59087
50759
10705
86467
18277
57633
91717
42056
88207
2927
33722
55914
45395
10602
22507
79267
47420
92385
72997
2905
97464
85757
4656
58752
42465
54325
56123
51908
78271
14796
77613
37358
65555
88317
40176
183
62301
31892
42238
66860
51170
92312
22773
96565
2913
45280
75831
66684
37664
65179
85940
51479
50935
90595
26582
9752
61271
99057
61659
39542
13852
55623
93251
95758
60292
33426
95940
22592
65318
54530
89451
16487
63193
28576
29403
66105
90207
21585
49141
44222
86764
51432
12053
54050
42027
38634
63801
3297
37690
41811
59190
51542
97434
68792
63651
57725
2218
59591
80316
83887
30472
86119
16725
93664
31046
62480
76120
21252
84064
41612
65473
87179
93044
93877
41229
51422
48863
21381
71070
86552
63192
30260
54445
60625
99051
18096
18349
17620
94038
15016
17858
40861
17486
34583
34524
48531
13414
26995
86134
97477
84959
67959
1008
78002
61835
42236
45775
10697
63616
16844
13601
26807
47103
84397
3783
62506
2492
38483
96477
12881
69851
14335
53741
87336
65269
4616
52219
78682
47963
38352
92510
32921
22662
9869
27274
84497
52104
73048
11545
32072
89891
25145
75230
53346
9542
79013
32203
28385
17495
28679
57618
3697
59365
11358
7385
24633
32326
59603
19666
80288
14306
28528
29560
36968
38396
56833
37816
6852
29880
49360
38923
19770
90857
14152
89467
16750
9516
21669
45134
43363
50348
2751
47059
9712
30461
54443
50697
62786
30397
86714
59425
61055
31593
88984
98022
69989
45816
35837
76840
92047
1548
32114
28168
92404
62617
17635
9153
72133
39303
70639
31847
89650
89741
95257
15714
20201
49700
82762
99338
96448
69475
58762
57502
1068
64097
71875
87408
26264
24063
80599
18310
25611
12712
62830
34366
91680
80464
59871
63812
19766
30509
12010
25768
36601
7267
57833
56802
73318
40594
72491
69765
26420
47605
43619
43839
11701
15493
31246
54317
39556
28196
88978
65166
57259
51807
15883
48939
32270
75753
29102
68388
22613
41112
10507
59214
48378
68339
32367
38047
25284
4857
24163
68055
52461
67781
11894
80514
83274
59491
34830
39181
87687
23807
4346
44945
91966
36580
10235
40587
12333
39337
8974
51297
80448
35832
10510
45177
4170
42876
99575
45805
64085
23737
13860
16545
91518
42105
97058
91143
17947
48239
30323
21985
88398
51020
66930
80363
87599
93516
20949
16283
32852
46275
67580
29651
82106
94441
91179
2628
37317
90753
48432
17753
14490
78643
34297
6007
37099
47707
97149
55046
95945
27471
77030
84342
94842
60311
81056
82440
53827
2005
98723
86678
64631
82654
16329
46736
77094
7507
65715
30762
14612
14147
48514
29101
9141
99163
35107
46240
46869
48607
1285
59165
92429
94666
59859
87270
54977
40914
86061
8803
59270
1135
11832
40252
83788
44512
86988
77234
52019
52702
7995
82982
83200
72861
12082
8693
72023
63540
54932
35243
12146
72568
10759
20926
67233
70617
24547
22209
27883
10607
47363
3504
11742
59195
43756
11881
3706
47095
89114
72076
16148
13461
55057
99348
86321
67138
24392
74695
30677
79323
26289
59174
68242
37047
80099
35474
7664
4645
74035
51898
31604
21397
55401
59697
80591
15508
71577
84297
62602
77043
56372
78750
90503
27781
94449
93175
94918
18840
84221
41947
14514
10509
1120
82755
47555
97571
34580
71570
18567
8614
23467
66522
46363
95220
26218
26953
27079
97795
27601
6033
74837
325
84782
81691
28105
95582
74865
23022
30773
59085
81320
61638
85945
82440
44392
33499
96362
95323
5069
31280
20289
44887
97802
66651
56458
24019
9955
83537
38165
37556
89569
13001
37880
90702
11043
82336
2635
2259
5357
49759
77695
3029
11396
63639
85468
72139
97138
98181
67461
18558
29460
87749
79796
43613
70751
52606
67632
80706
36142
5796
34613
42062
35149
72492
49115
62543
54827
68101
64802
76535
17859
42496
79563
45606
22487
81382
17744
35976
95914
1556
54533
41726
5657
50680
85338
76407
3285
69321
73464
55778
91469
8076
14191
42969
80567
79657
5511
51745
47757
86664
44632
81967
45512
40546
27572
67998
21928
61667
3973
34193
63223
74857
75918
68879
25536
77608
61637
45173
46928
35101
950
54748
43176
31493
97716
40095
11149
19579
8191
58906
6242
52822
57224
51753
93368
84796
36102
31647
46462
56426
65839
26036
31282
58109
94914
73170
35716
72903
18342
98995
8003
35643
53743
67530
67135
51458
7624
78284
71036
32167
53541
93630
84988
10764
61734
94707
11911
97836
42705
58373
54261
24896
84408
1895
99356
95674
75064
35071
68576
9757
50417
92930
45399
4159
60459
28886
71969
84435
7169
59356
32953
77061
52985
34292
87824
14719
45351
99735
28906
88055
74459
83166
29302
75218
85060
28657
70891
76475
63727
55818
86231
30496
65099
47982
34654
41910
76867
6622
42696
387
65978
75648
77447
35314
9939
81622
50032
55289
97708
78937
59696
72166
78455
88997
47384
79866
17654
34626
56341
97732
6796
42571
28227
71894
90552
79233
30155
83770
85854
72850
84156
68183
48497
61602
3497
74788
59576
69880
30076
57283
65169
89771
29449
43623
95120
93184
23488
12773
44161
96180
26856
67308
38751
55083
55554
45654
34315
85708
29424
36520
58558
29931
4703
7054
91533
24551
81841
51108
94430
28269
24742
75950
34391
54190
19572
29510
63725
59412
42282
24238
71943
85490
91545
27045
40572
47098
72699
91238
32806
18474
44109
7715
48404
48811
31120
56288
89713
29313
23747
84143
57581
48489
76444
8323
19030
96016
37833
99107
71779
96466
23344
43721
81955
14888
70766
38878
78338
59816
30115
27495
94641
74224
35209
59396
39386
66328
15684
29099
95640
39430
29593
69572
4270
6036
77895
23300
18403
32079
22406
6533
28544
45749
66606
10499
76988
53723
65728
71677
29890
12195
99171
24530
86418
34379
83925
42155
17059
15960
87605
29050
71742
33549
14974
76011
55937
92868
15662
90691
24946
38067
97224
69841
167
80181
96691
93507
33903
62419
65183
80144
74613
80706
4673
77382
15084
